2075
2076
2124
2125
2126
2127
2175
2176
2177
2178
2179
2187
2188
2189
2190
2191
2192
2193
2194
2225
2226
2227
2228
2229
2230
2237
2238
2239
2240
2241
2242
2243
2244
2245
2275
2276
2277
2278
2279
2280
2281
2282
2283
2286
2287
2288
2289
2290
2291
2292
2293
2294
2295
2296
2325
2326
2327
2328
2329
2330
2331
2332
2333
2334
2335
2336
2337
2338
2339
2340
2341
2342
2343
2344
2345
2346
2347
2375
2376
2377
2378
2379
2380
2381
2382
2383
2384
2385
2386
2387
2388
2389
2390
2391
2392
2393
2394
2395
2396
2397
2398
2425
2426
2427
2428
2429
2430
2431
2432
2433
2434
2435
2436
2437
2438
2439
2440
2441
2442
2443
2444
2445
2446
2447
2448
2449
2475
2476
2477
2478
2479
2480
2481
2482
2484
2485
2486
2487
2488
2489
2490
2491
2492
2493
2494
2495
2496
2497
2498
2499
2500
