1241
1290
1291
1292
1293
1294
1336
1337
1338
1339
1340
1341
1342
1343
1344
1345
1385
1386
1387
1388
1389
1390
1391
1392
1393
1394
1395
1396
1434
1435
1436
1437
1438
1439
1440
1441
1442
1443
1444
1445
1446
1483
1484
1485
1486
1487
1488
1489
1490
1491
1492
1493
1494
1495
1496
1497
1532
1533
1534
1535
1536
1537
1538
1539
1540
1541
1542
1543
1544
1545
1546
1547
1582
1583
1585
1586
1587
1588
1589
1590
1591
1592
1593
1594
1595
1596
1597
1632
1633
1634
1635
1636
1637
1638
1639
1640
1641
1642
1643
1644
1645
1646
1682
1683
1684
1685
1686
1687
1688
1689
1690
1691
1692
1693
1694
1695
1696
1732
1733
1734
1735
1736
1737
1738
1739
1740
1741
1742
1743
1744
1745
1781
1782
1783
1784
1785
1786
1787
1788
1789
1790
1791
1792
1793
1794
1832
1833
1834
1835
1836
1837
1838
1839
1840
1841
1842
1843
1883
1884
1885
1886
1887
1888
1889
1890
1891
1892
1893
1934
1935
1936
1937
1938
1939
1940
1941
1942
1943
1984
1985
1986
1987
1988
1989
1990
1991
1992
1993
1994
2035
2036
2037
2038
2039
2040
2041
2042
2043
2044
2089
2090
2091
2092
2093
