1623
1624
1625
1626
1672
1673
1674
1675
1676
1677
1721
1722
1723
1724
1725
1726
1727
1728
1770
1771
1772
1773
1774
1775
1776
1777
1778
1779
1820
1821
1822
1823
1824
1825
1826
1827
1828
1829
1830
1870
1871
1872
1873
1874
1875
1876
1877
1878
1879
1880
1881
1920
1921
1922
1923
1924
1925
1926
1927
1928
1929
1930
1931
1932
1970
1971
1972
1973
1974
1975
1976
1977
1978
1979
1980
1981
2022
2023
2024
2025
2026
2027
2028
2029
2030
2031
2076
2077
2078
2079
2080
2081
2082
2127
2128
2129
2130
2131
2132
2178
2179
2180
2181
2182
2229
2230
2231
2232
2280
2281
2282
2331
2332
