581
582
583
588
589
629
630
631
632
633
634
635
636
637
638
639
640
679
680
681
682
683
684
685
686
687
688
689
690
728
729
730
731
732
733
734
735
736
737
738
739
740
777
778
779
780
781
782
783
784
785
786
787
788
789
790
827
828
829
830
831
832
833
834
835
836
837
838
839
840
841
876
877
878
879
880
881
882
883
884
885
886
887
888
889
890
891
926
927
928
929
930
931
932
933
934
935
936
937
938
939
940
976
977
978
979
980
981
982
983
984
985
986
987
988
989
990
1026
1027
1028
1029
1030
1031
1032
1033
1034
1035
1036
1037
1038
1076
1077
1078
1079
1080
1081
1082
1083
1084
1085
1086
1087
1125
1126
1127
1128
1129
1130
1131
1132
1133
1134
1135
1136
1177
1178
1179
1180
1181
1182
1183
1184
1185
1227
1228
1229
1230
1231
1232
1233
1234
1278
