1218
1219
1266
1267
1268
1269
1270
1316
1317
1318
1319
1320
1321
1363
1364
1365
1366
1367
1368
1369
1370
1371
1372
1413
1414
1415
1416
1417
1418
1419
1420
1421
1422
1423
1463
1464
1465
1466
1467
1468
1469
1470
1471
1472
1473
1474
1512
1513
1514
1515
1516
1517
1518
1519
1520
1521
1522
1523
1524
1525
1562
1563
1564
1565
1566
1567
1568
1569
1570
1571
1572
1573
1574
1575
1576
1613
1614
1615
1616
1617
1618
1619
1620
1621
1622
1623
1624
1625
1663
1664
1665
1666
1667
1668
1669
1670
1671
1672
1673
1674
1714
1715
1716
1717
1718
1719
1720
1721
1722
1723
1764
1765
1766
1767
1768
1769
1770
1771
1772
1814
1815
1816
1817
1818
1819
1820
1821
1822
1865
1866
1867
1868
1869
1870
1871
