1	Aluminium	17.241	4.6853	1	2.4	2.9	1.2226	85.455	0.84	1.64	173.21	25.67	88.75	TRUE	edge	0
2	Aluminium	2197.4	52.894	12	53.69	16.68	3.3164	173.87	1.09	5.07	123.16	40.77	3.31	TRUE	edge	1
3	Aluminium	237.93	17.405	3	101.55	2.51	7.5455	178.1	1.54	4.35	19.83	39.47	21.85	TRUE	edge	2
4	Aluminium	204.31	16.129	3	146.55	3.05	4.8537	177.48	1.31	4.55	18.4	39.7	23.07	TRUE	edge	3
5	Aluminium	12.069	3.92	1	16.71	3.5	2.3181	172.51	0.9	1.3	170.09	26.79	2.34	TRUE	no	4
6	Aluminium	10.345	3.6292	2	141	5.5	1.7627	143.83	1.31	2.06	17.75	39.68	23.9	TRUE	no	5
7	Aluminium	1378.4	41.894	7	132.03	19.6	2.5326	171.57	1.17	3.6	297.76	18.06	35.14	TRUE	edge	6
9	Aluminium	8.6206	3.313	1	10.2	22.7	1.1151	160.67	1.25	1.65	207.05	13.63	9.51	TRUE	no	8
12	Aluminium	29.31	6.1089	2	98.15	31.41	2.2419	172.34	0.61	1.26	122.42	39.55	4.05	TRUE	no	11
13	Aluminium	9.4827	3.4747	1	15.64	31.45	1.9727	138.8	3.63	6.56	201.2	13.5	13.57	TRUE	no	12
14	Aluminium	12.931	4.0576	2	23.67	32	2.2395	29.12	2.74	4.19	198.75	13.77	17.15	TRUE	no	13
15	Aluminium	797.41	31.864	5	40.36	49.37	1.2965	167.24	1.33	6.33	167.25	42.94	4.02	TRUE	no	14
16	Aluminium	162.07	14.365	4	67.14	40.65	2.6249	143.58	1.39	3.19	167.01	43.31	3.52	TRUE	no	15
17	Aluminium	567.24	26.874	6	100.99	45.45	2.1616	28.807	1.44	5.14	168.49	42.21	2.38	TRUE	no	16
18	Aluminium	12.069	3.92	1	8	34.21	3.824	136.86	1.03	2.13	205.61	14.71	6.98	TRUE	no	17
19	Aluminium	9.4827	3.4747	1	19.55	34.82	1.5054	41.028	0.74	1.02	202.51	13.66	10.64	TRUE	no	18
20	Aluminium	329.31	20.477	5	125.65	49.77	1.5692	19.58	1.59	7.57	168.99	42.39	2.72	TRUE	no	19
21	Aluminium	14.655	4.3197	1	159.88	34.94	2.0453	37.097	0.99	2.71	162.79	22.07	23	TRUE	no	20
22	Aluminium	43.103	7.4081	2	79.88	38.36	1.3244	66.289	1.31	2.2	166.83	42.97	3.35	TRUE	no	21
23	Aluminium	65.517	9.1334	3	150.74	38.54	2.0191	176.79	1.31	3.45	222.91	36.49	3.82	TRUE	no	22
24	Aluminium	24.138	5.5437	3	11.61	40.11	1.8139	96.829	1.06	1.57	167.15	42.86	2.88	TRUE	no	23
25	Aluminium	231.03	17.151	3	6.83	54.36	1.3724	81.68	1.08	3.56	167.85	42.23	3.56	TRUE	edge	24
29	Aluminium	114.65	12.082	1	157.69	48.11	1.3713	126.02	1.26	4.09	169.54	42.07	1.96	TRUE	edge	28
30	Aluminium	11.207	3.7774	1	13.77	46.62	2.6638	98.238	0.77	1.13	168.03	42.68	3.35	TRUE	no	29
32	Aluminium	99.137	11.235	3	71.79	54.91	1.4321	145.08	0.85	3.72	168.56	42.18	2.58	TRUE	no	31
34	Aluminium	11.207	3.7774	1	147.54	51	2.6614	113.1	1.29	1.62	168.95	41.38	1.89	TRUE	no	33
35	Aluminium	81.896	10.211	2	138.73	58.62	2.0892	62.872	0.91	1.69	169.45	41.67	2.35	TRUE	no	34
37	Aluminium	49.138	7.9097	3	153.96	60.72	1.303	150.68	1.82	4.76	168.92	42.06	2.95	TRUE	no	36
39	Aluminium	40.517	7.1825	1	104.19	60.11	1.2371	30.949	2.23	5.17	170.35	42.53	1.96	TRUE	no	38
40	Aluminium	33.62	6.5427	3	111.85	60.15	1.6413	82.405	1.33	3.36	169.35	41.85	1.96	TRUE	no	39
41	Aluminium	21.552	5.2383	2	147.2	59.36	2.1039	45.506	0.89	1.49	168.71	41.45	2.1	TRUE	no	40
42	Aluminium	28.448	6.0184	1	67.03	63.45	1.8527	134.82	1.13	4.63	168.58	42.68	3.01	TRUE	no	41
43	Aluminium	22.414	5.3421	2	16.62	62.92	1.4674	79.268	0.61	0.99	167.76	42.59	3.94	TRUE	no	42
44	Aluminium	23.276	5.4438	3	12.26	64.19	1.9623	144.96	0.88	1.5	168.7	42.89	2.88	TRUE	no	43
45	Aluminium	12.931	4.0576	2	162	63	1.7321	90	1.16	2.24	167.82	42.27	2.99	TRUE	edge	44
47	Aluminium	28.448	6.0184	2	118.33	66.85	2.4984	3.0996	0.71	1.27	350.75	30.18	50.74	TRUE	no	46
48	Aluminium	2987.9	61.679	15	91.34	77.87	6.3612	177.77	1.11	4.35	351.17	29.91	51.12	TRUE	edge	47
49	Aluminium	12.931	4.0576	1	157.07	66.47	1.6836	151.64	0.54	0.88	351.11	29.8	52.69	TRUE	no	48
50	Aluminium	943.1	34.652	9	29.03	91.84	3.3457	177.01	1.11	9.13	3.34	37.43	84.66	TRUE	edge	49
51	Aluminium	204.31	16.129	3	149.56	94.53	3.4146	1.176	1.21	4.53	272.42	36.22	60.74	TRUE	edge	50
52	Aluminium	10.345	3.6292	2	67.25	92.33	1.7634	83.153	0.79	1.44	3.53	37.69	85.06	TRUE	no	51
53	Aluminium	546.55	26.38	6	101.85	98.06	5.3156	174.71	1.39	4.67	130.26	21.66	31.2	TRUE	no	52
54	Aluminium	12.931	4.0576	3	66.67	98.07	1.3426	169.69	1.3	2.33	130.43	22.83	32.46	TRUE	no	53
55	Aluminium	101.72	11.381	4	137.31	102.07	1.5973	163.03	1.14	3.05	132.21	23.07	28.35	TRUE	no	54
56	Aluminium	12.069	3.92	2	63.07	101.36	2.1075	132.42	0.95	1.38	195.15	42.14	39.66	TRUE	no	55
57	Aluminium	74.137	9.7157	3	155.13	101.57	3.0687	172.49	1.22	2.94	130.18	20.88	31.18	TRUE	edge	56
58	Aluminium	13.793	4.1907	2	7.63	102.56	1.2564	96.358	0.69	2.49	2.08	38.14	86.48	TRUE	no	57
59	Aluminium	1286.2	40.468	10	74.74	121.01	1.1602	164.62	2.1	6.78	194.23	42.56	37.9	TRUE	no	58
60	Aluminium	268.96	18.506	3	17.76	108.31	3.4631	1.6134	0.98	3.58	291.21	16.4	43.27	TRUE	edge	59
61	Aluminium	47.413	7.7697	4	151.07	106	3.1118	169.73	0.92	1.7	132.12	22.18	29.03	TRUE	no	60
62	Aluminium	2092.2	51.613	13	30.67	138.45	1.4775	160.38	6.5	21.67	191.65	44.3	35.3	TRUE	edge	61
63	Aluminium	12.931	4.0576	2	162.4	108.67	2.6534	88.748	1.04	1.77	271.34	36.12	62.68	TRUE	edge	62
64	Aluminium	1201.7	39.116	7	131.62	126.4	1.8653	164.3	2.49	10.22	193.69	43.07	37.99	TRUE	edge	63
65	Aluminium	8.6206	3.313	1	146.7	110.2	1.1151	109.33	0.68	1.25	194.33	41.67	39.8	TRUE	no	64
66	Aluminium	18.103	4.801	2	159.76	112.48	3.0613	147.1	0.93	1.84	193.35	41.69	39.97	TRUE	edge	65
67	Aluminium	34.482	6.626	1	151.27	115.1	1.2726	133.51	1.11	2.55	193.52	42.17	38.76	TRUE	no	66
68	Aluminium	10.345	3.6292	0	99.75	114.5	1.9926	98.31	1.02	1.64	194.64	42.05	37.86	TRUE	no	67
70	Aluminium	16.379	4.5667	2	133.68	121.74	1.7186	38.503	0.83	1.43	193.66	42.26	39.29	TRUE	no	69
71	Aluminium	13.793	4.1907	2	138.06	121.06	1.9887	25.983	1.37	2.54	193.35	43.07	40.1	TRUE	no	70
73	Aluminium	12.931	4.0576	1	162.4	125.53	3.3129	92.953	2.73	4.24	354.34	47.87	27.55	TRUE	edge	72
74	Aluminium	23.276	5.4438	0	108.04	129.37	2.3058	16.228	1.15	1.97	194.32	42.81	38.74	TRUE	no	73
75	Aluminium	11.207	3.7774	1	93.31	129.46	1.1565	131.94	1.02	2.52	194.5	41.55	37.05	TRUE	no	74
76	Aluminium	20.689	5.1325	1	101.46	136.38	2.5554	95.416	3.22	3.72	194.03	45.04	35.69	TRUE	no	75
77	Aluminium	15.517	4.4449	3	38.61	143.78	1.6099	77.947	1.8	3.09	48.29	46.19	64.86	TRUE	no	76
78	Aluminium	1169.8	38.593	17	106.61	149.97	7.8013	178.08	6.53	20.39	44.83	40.36	64.43	TRUE	edge	77
79	Aluminium	22.414	5.3421	2	69.77	143.38	1.8119	6.2466	2.3	4.5	49.18	46.37	64.53	TRUE	no	78
80	Aluminium	31.034	6.286	4	74.61	144.67	2.5619	20.046	2.45	3.39	57.98	44.25	57.93	TRUE	no	79
81	Aluminium	22.414	5.3421	2	33.65	145.19	1.8141	35.408	1.63	3.9	56.56	42.63	56.61	TRUE	no	80
82	Aluminium	15.517	4.4449	2	80.39	147.17	1.5619	91.818	2.68	4.4	45.02	38.91	65.87	TRUE	no	81
83	Aluminium	8.6206	3.313	1	121.1	148.5	1.318	109.9	2.56	3.92	48.15	44.59	63.58	TRUE	no	82
84	Aluminium	12.069	3.92	2	55.86	151.21	1.1288	65.03	2.97	5.33	49.69	41.72	58.9	TRUE	no	83
85	Aluminium	9.4827	3.4747	1	24.82	152.82	1.0385	45	1.04	1.14	173.99	45.64	28.21	TRUE	no	84
86	Aluminium	8.6206	3.313	2	36.2	153.1	2.4218	129.03	3.12	4.22	46.75	46.55	57.99	TRUE	no	85
87	Aluminium	20.689	5.1325	2	57.38	153.96	3.8312	3.2639	3.29	6.56	177.8	44.4	30.5	TRUE	no	86
88	Aluminium	17.241	4.6853	1	153.15	157.55	1.9708	76.672	2.98	4.46	39.88	41.35	64.53	TRUE	no	87
89	Aluminium	40.517	7.1825	2	120.13	160.09	2.6579	11.357	6.61	12.52	179.63	46.97	23.67	TRUE	edge	88
90	Aluminium	18.965	4.914	2	90.18	157.09	2.9914	174.98	4.52	9.66	180.12	47.41	23.3	TRUE	no	89
91	Aluminium	9.4827	3.4747	2	100.27	158.27	1.6779	9.9916	1.7	3.96	40.76	43.96	61.9	TRUE	no	90
92	Aluminium	8.6206	3.313	1	136.7	160.7	2.9993	140.11	4.6	4.6	21.1	46.81	66.92	TRUE	edge	91
93	Aluminium	10.345	3.6292	2	142.67	160.67	2.0518	27.123	2.34	3.45	37.31	42.78	62.28	TRUE	edge	92
94	Aluminium	9.4827	3.4747	2	148.09	160.64	2.3318	143.53	3.41	3.75	172.39	43.24	25.46	TRUE	edge	93
95	Aluminium	17.241	4.6853	1	158.7	160.9	1.805	169.19	3.07	3.93	172.16	46.78	27.9	TRUE	edge	94
96	Aluminium	11.207	3.7774	2	106.85	161.69	5.7146	179.09	2.76	3.31	182.8	45.64	35.11	TRUE	edge	95