3538
6910
9374
11352
13136
14762
16107
17480
18727
19913
20922
22010
22967
23941
24891
25722
26646
27551
28388
29220
29916
30527
31215
31837
32535
33081
33667
34156
34730
35315
35843
36296
36774
37233
37635
38075
38528
38823
39241
39689
40106
40358
40743
41087
41361
41682
42007
42282
42552
42856
43110
43364
43681
43901
44141
44355
44645
44960
45206
45448
45639
45802
45999
46159
46430
46625
46770
46985
47160
47374
47515
47722
47871
48018
48127
48258
48351
48491
48648
48820
48959
49104
49207
49341
49433
49569
49677
49844
50018
50138
50265
50401
50543
50666
50817
50913
50986
51110
51199
51282
51392
51457
51564
51674
51748
51819
51901
52009
52058
52204
52307
52401
52534
52622
52705
52763
52883
52940
52991
53107
53175
53259
53300
53386
53445
53511
53588
53625
53709
53761
53787
53857
53952
54006
54057
54095
54211
54296
54342
54407
54438
54496
54574
54616
54689
54739
54799
54830
54893
54974
55013
55088
55148
55183
55291
55361
55399
55428
55507
55542
55612
55650
55706
55754
55823
55858
55923
55984
56003
56034
56122
56155
56144
56215
56263
56302
56367
56399
56468
56474
56551
56589
56605
56652
56694
56728
56739
56787
56842
56853
56868
56989
57009
57018
57070
57087
57119
57146
57195
57224
57282
57329
57330
57386
57405
57477
57472
57503
57551
57577
57620
57641
57695
57721
57742
57773
57839
57864
57924
57951
57979
58020
58043
58068
58083
58096
58153
58194
58237
58263
58321
58338
58391
58416
58442
58469
58502
58571
58591
58613
58666
58717
58768
58781
58840
58822
58879
58893
58945
58965
58987
59046
59038
59048
59068
59101
59144
59160
59175
59198
59216
59259
59265
59280
59343
59357
59337
59400
59428
59446
59475
59475
59527
59529
59569
59604
59683
59680
59696
59758
59754
59769
59816
59820
59860
59885
59914
59933
59968
60004
60019
60042
60076
60100
60139
60153
60150
60183
60218
60229
60241
60269
60316
60319
60358
60376
60382
60432
60459
60465
60518
60510
60557
60599
60588
60625
60628
60632
60672
60700
60735
60787
60790
60806
60799
60851
60846
60894
60905
60953
60970
60996
61000
61022
61056
61102
61153
61127
61177
61198
61219
61220
61243
61258
61279
61293
61327
61376
61394
61443
61460
61438
61486
61495
61512
61548
61563
61554
61596
61620
61624
61657
61678
61656
61668
61702
61714
61733
61746
61759
61800
61837
61826
61840
61870
61873
61897
61935
61918
61960
61950
62007
62028
62045
62074
62088
62083
62097
62099
62120
62146
62163
62165
62216
62233
62241
62250
62285
62286
62311
62359
62374
62369
62363
62373
62412
62462
62419
62436
62490
62463
62513
62520
62544
62586
62594
62628
62658
62674
62694
62717
62707
62742
62760
62761
62820
62825
62836
62821
62859
62894
62880
62920
62908
62912
62936
62943
62980
62951
63012
63026
63032
63043
63068
63086
63087
63091
63101
63129
63150
63150
63154
63163
63177
63221
63206
63219
63240
63248
63274
63304
63279
63284
63320
63326
63328
63337
63356
63358
63379
63407
63433
63415
63442
63471
63496
63477
63512
63550
63549
63600
63600
63621
63640
63614
63651
63647
63673
63649
63687
63707
63707
63749
63747
63757
63781
63796
63838
63820
63822
63835
63851
63872
63876
63882
63901
63927
63958
64022
64022
64012
64047
64050
64093
64091
64113
64113
64125
64143
64145
64201
64187
64212
64246
64263
64316
64286
64328
64333
64347
64371
64380
64376
64397
64416
64422
64460
64458
64478
64479
64487
64494
64523
64528
64545
64561
64570
64570
64612
64615
64608
64635
64645
64664
64672
64682
64702
64660
64708
64711
64720
64732
64755
64775
64818
64799
64821
64816
64823
64866
64838
64847
64866
64893
64929
64914
64924
64946
64943
64963
64976
64989
65003
65014
65020
65042
65080
65086
65109
65106
65128
65116
65143
65129
65169
65175
65191
65168
65198
65216
65221
65220
65229
65248
65249
65252
65251
65277
65263
65321
65320
65329
65345
65375
65372
65394
65437
65440
65469
65455
65446
65471
65484
65485
65493
65488
65499
65510
65514
65545
65562
65585
65602
65621
65640
65668
65648
65665
65678
65684
65716
65706
65722
65724
65718
65730
65723
65740
65778
65786
65831
65841
65847
65850
65854
65888
65895
65866
65901
65901
65921
65907
65915
65929
65912
65937
65947
65932
65973
65972
65992
66013
66003
66005
66011
66036
66009
66033
66029
66054
66049
66067
66052
66066
66086
66114
66079
66120
66131
66134
66119
66149
66142
66129
66146
66163
66140
66163
66146
66163
66184
66197
66194
66183
66196
66215
66237
66205
66237
66231
66254
66230
66250
66236
66235
66256
66243
66260
66263
66269
66273
66262
66296
66280
66274
66279
66302
66313
66317
66320
66314
66318
66333
66332
66336
66365
66353
66369
66363
66389
66399
66394
66408
66442
66425
66431
66460
66437
66471
66450
66444
66455
66463
66484
66469
66469
66500
66499
66494
66523
66507
66551
66564
66567
66568
66553
66570
66576
66568
66577
66588
66619
66599
66596
66626
66637
66611
66646
66638
66647
66623
66670
66652
66674
66679
66699
66691
66696
66719
66718
66732
66743
66746
66744
66762
66777
66765
66775
66779
66785
66787
66812
66814
66825
66818
66844
66835
66850
66865
66887
66867
66899
66903
66917
66908
66914
66900
66933
66940
66951
66954
66957
66968
66974
66961
66972
66962
66951
66986
67002
66990
66973
66997
66987
67006
67018
67025
67016
67039
67023
67041
67040
67060
67054
67063
67083
67073
67100
67104
67092
67120
67130
67143
67155
67155
67183
67159
67188
67190
67205
67198
67216
67223
67220
67224
67215
67234
67225
67238
67253
67247
67274
67259
67261
67260
67261
67262
67271
67276
67298
67277
67292
67280
67312
67330
67310
67322
67308
67330
67331
67332
67335
67345
67338
67352
67355
67338
67339
67349
67344
67340
67358
67357
67371
67374
67371
67367
67347
67401
67383
67401
67405
67397
67405
67415
67437
67435
67427
67428
67446
67430
67441
67447
67452
67469
67455
67443
67461
67470
67485
67451
67470
67466
67484
67469
67492
67502
67520
67503
67518
67510
67491
67523
67535
67536
67531
67542
67575
67552
67550
67569
67560
67569
67566
67591
67588
67594
67581
67603
67602
67584
67576
67591
67587
67577
67583
67610
67584
67575
67599
67600
67629
67619
67620
67625
67645
67647
67639
67658
67667
67655
67664
67670
67679
67689
67673
67699
67688
67702
67706
67714
67723
67728
67715
67712
67715
67725
67720
67725
67731
