279
280
281
282
283
284
285
328
329
330
331
332
333
334
335
336
378
379
380
381
382
383
384
385
386
387
427
428
429
430
431
432
433
434
435
436
437
438
477
478
479
480
481
482
483
484
485
486
487
488
526
527
528
529
530
531
532
533
534
535
536
537
538
539
576
577
578
579
580
581
582
583
584
585
586
587
588
589
590
625
626
627
628
629
630
631
632
633
634
635
636
637
638
639
640
641
674
675
676
677
678
679
680
681
682
683
684
685
686
687
688
689
690
691
692
723
724
725
726
727
728
729
730
731
732
733
734
735
736
737
738
739
740
741
742
743
772
773
774
775
776
777
778
779
780
781
782
783
784
785
786
787
788
789
790
791
792
793
823
824
825
826
827
828
829
830
831
832
833
834
835
836
837
838
839
840
841
842
843
874
875
876
877
878
879
880
881
882
883
884
885
886
887
888
889
890
891
892
893
925
926
927
928
929
930
931
932
933
934
935
936
937
938
939
940
941
942
943
976
977
978
979
980
981
982
983
984
985
986
987
988
989
990
991
992
993
1026
1027
1028
1029
1030
1031
1032
1033
1034
1035
1036
1037
1038
1039
1040
1041
1042
1076
1077
1078
1079
1080
1081
1082
1083
1084
1085
1086
1087
1088
1089
1090
1091
1126
1127
1128
1129
1130
1131
1132
1133
1134
1135
1136
1137
1138
1139
1140
1141
1177
1178
1179
1180
1181
1182
1183
1184
1185
1186
1187
1188
1189
1190
1191
1227
1228
1229
1230
1231
1232
1233
1234
1235
1236
1237
1238
1239
1240
1241
1278
1279
1280
1281
1282
1283
1284
1285
1286
1287
1288
1329
1330
1331
1332
1333
1334
1335
1380
1381
1382
1383
1384
1431
1432
1433
